9.238375
9.238375
9.238374
9.238374
9.238440
9.238445
9.238450
9.238462
9.238434
9.238451
9.238474
9.238586
9.238551
9.238728
9.238747
9.238705
9.238662
9.238630
9.238654
9.238626
9.238594
9.238564
9.238543
9.238519
9.238500
9.238491
9.238486
9.238484
9.238480
9.238493
9.238510
9.238526
9.238550
9.238566
9.238594
9.238626
9.238665
9.238640
9.238612
9.238667
9.238646
9.238616
9.238601
9.238580
9.238570
9.238575
9.238574
9.238582
9.238587
9.238606
9.238613
9.238617
9.238837
9.238832
9.239571
9.239440
9.239321
9.239284
9.239190
9.239115
9.239049
9.238993
9.238948
9.238895
9.238851
9.238822
9.238793
9.238770
9.238758
9.238761
9.238757
9.238688
9.238708
9.238847
9.238849
9.238774
9.238718
9.238889
9.238845
9.238811
9.238780
9.238769
9.238758
9.238747
9.238742
9.238748
9.238690
9.238708
9.238719
9.238672
9.238621
9.238655
9.238617
9.238573
9.238754
9.238715
9.238693
9.238699
9.238702
9.238706
9.238709
9.238718
9.238732
9.238665
9.238750
9.238692
9.238655
9.238615
9.238588
9.238569
9.238556
9.238547
9.238533
9.238528
9.238539
9.238608
9.238618
9.238637
9.238655
9.238610
9.238639
9.238595
9.238566
9.238535
9.238508
9.238498
9.238494
9.238490
9.238483
9.238689
9.238745
9.238740
9.238935
9.238912
9.238911
9.238909
9.238912
9.238843
9.238778
9.238942
9.238884
9.238845
9.238807
9.238781
9.238754
9.238745
9.238665
9.238669
9.238690
9.238699
9.238715
9.238734
9.238754
9.238776
9.238806
9.238753
9.238707
9.238664
9.238637
9.238607
9.238581
9.238567
9.238549
9.238537
9.238540
9.238547
9.238570
9.238527
9.238566
9.238593
9.238562
9.238812
9.238769
9.238744
9.238727
9.238713
9.238699
9.238682
9.238680
9.238683
9.238687
9.238705
9.238720
9.238751
9.238775
9.239084
9.239302
9.239298
9.239222
9.239152
9.239162
9.239100
9.239038
9.238995
9.238942
9.238891
9.238851
9.238817
9.238788
9.238769
9.238747
9.238676
9.238817
9.238756
9.238771
9.238715
9.238675
9.238629
9.238586
9.238551
9.238536
9.238521
9.238515
9.238531
9.238542
9.238555
9.238573
9.238514
9.238467
9.238488
9.238523
9.238478
9.238521
9.238571
9.238544
9.238529
9.238518
9.238505
9.238491
9.238480
9.238403
9.238534
9.238531
9.238533
9.238536
9.238678
9.238620
9.238567
9.238529
9.238493
9.238464
9.238439
9.238421
9.238420
9.238430
9.238428
9.238449
9.238467
9.238482
9.238510
9.238542
9.238573
9.238602
9.238641
9.238615
9.238595
9.238578
9.238576
9.238569
9.238556
9.238825
9.238800
9.238784
9.238770
9.238753
9.238746
9.238738
9.238739
9.238740
9.238742
9.238685
9.238634
9.238591
9.238563
9.238748
9.238722
9.238705
9.238691
9.238690
9.238684
9.238685
9.238693
9.238644
9.238602
9.238564
9.238534
9.238505
9.238499
9.238487
9.238469
9.238470
9.238477
9.238484
9.238507
9.238522
9.238534
9.238550
9.238497
9.238424
9.238447
9.238423
9.238401
9.238384
9.238383
9.238389
9.238383
9.238391
9.238405
9.238342
9.238361
9.238383
9.238399
9.238353
9.238317
9.238292
9.238484
9.238461
9.238455
9.238439
9.238462
9.238484
9.238505
9.238536
9.238569
9.238602
9.238636
9.238883
9.238920
9.238949
9.238917
9.239159
9.239174
9.239128
9.239085
9.239042
9.239012
9.238973
9.238946
9.238846
9.238771
9.238775
9.238782
9.238730
9.238743
9.238692
9.238662
9.238634
9.238616
9.238603
9.238598
9.238583
9.238579
9.238573
9.238577
9.238587
9.238600
9.238602
9.238619
9.238849
9.238870
9.238814
9.238765
9.238739
9.238707
9.238677
9.238652
9.238623
9.238599
9.238575
9.238551
9.238529
9.238515
9.238507
9.238495
9.238498
9.238497
9.238420
9.238433
9.238449
9.238468
9.238482
9.238439
9.238477
9.238443
9.238426
9.238416
9.238403
9.238398
9.238391
9.238398
9.238400
9.238400
9.238414
9.238420
9.238439
9.238470
9.238496
9.238464
9.238499
9.238472
9.238516
9.238486
9.238470
9.238435
9.238410
9.238394
9.238394
9.238407
9.238410
9.238419
9.238433
9.238458
9.238466
9.238477
9.238428
9.238388
9.238411
9.238376
9.238344
9.238332
9.238330
9.238328
9.238338
9.238351
9.238361
9.238379
9.238377
9.238385
9.238330
9.238354
9.238372
9.237598
9.237666
9.237732
9.237726
9.237789
9.237877
9.237883
9.237910
9.237997
9.238019
9.238047
9.238069
9.238095
9.238107
9.238342
9.238357
9.238368
9.238386
9.238404
9.237847
9.238049
9.238103
9.238088
9.238068
9.238121
9.238106
9.238080
9.238068
9.241913
9.241648
9.245226
9.244740
9.244305
9.243902
9.243537
9.243191
9.242869
9.242573
9.242293
9.241981
9.245023
9.244600
9.247445
9.246848
9.246305
9.245749
9.245298
9.244816
9.244374
9.243965
9.243575
9.243433
9.246770
9.246167
9.245616
9.245108
9.244643
9.244221
9.244629
9.244217
9.247091
9.246529
9.249527
9.248795
9.251849
9.250959
9.253936
9.252845
9.252652
9.251664
9.250893
9.247558
9.247191
9.246826
9.246435
9.246076
9.245745
9.245513
9.245303
9.245055
9.244817
9.244613
9.244426
9.244267
9.244149
9.244070
9.244028
9.244009
9.243991
9.243980
9.243951
9.243932
9.243848
9.243846
9.243843
9.243840
9.243829
9.243840
9.243855
9.243860
9.243801
9.243741
9.243750
9.243697
9.243650
9.243616
9.243584
9.243544
9.243515
9.243683
9.243560
9.243520
9.243472
9.243365
9.243263
9.243240
9.243144
9.243050
9.242958
9.242871
9.242789
9.242696
9.242589
9.242489
9.242373
9.242258
9.242129
9.241997
9.242143
9.241998
9.241863
9.241864
9.241660
9.241482
9.241292
9.241136
9.240988
9.240856
9.240745
9.240651
9.240786
9.240789
9.240724
9.240661
9.240596
9.240466
9.240402
9.240262
9.240150
9.240048
9.239966
9.239887
9.239833
9.239783
9.239745
9.239718
9.239682
9.239665
9.239676
9.239645
9.239652
9.239770
9.239852
9.239958
9.240077
9.240216
9.240355
9.240500
9.240655
9.240820
9.240993
9.241174
9.241357
9.241459
9.241626
9.241711
9.241785
9.241928
9.241996
9.242064
9.242200
9.242268
9.242335
9.242393
9.242658
9.242701
9.242742
9.242794
9.242856
9.242925
9.243011
9.243102
9.243196
9.243237
9.243289
9.243350
9.243411
9.243492
9.243583
9.243682
9.243804
9.243937
9.244061
9.244188
9.244312
9.244428
9.244466
9.244576
9.244753
9.244978
9.244988
9.244991
9.245191
9.245174
9.245140
9.245074
9.244919
9.244809
9.244665
9.244430
9.244261
9.243999
9.243726
9.243446
9.243163
9.242891
9.242830
9.242555
9.242277
9.242015
9.241774
9.241550
9.241487
9.241304
9.241140
9.240995
9.240871
9.240764
9.240609
9.240566
9.240550
9.241304
9.241235
9.241122
9.241122
9.241155
9.241204
9.241269
9.241329
9.241586
9.241811
9.241788
9.241754
9.241611
9.241514
9.241382
9.241161
9.240990
9.240735
9.240470
9.240207
9.239942
9.239700
9.239395
9.239337
9.239166
9.239023
9.239127
9.239047
9.238947
9.238890
9.238949
9.239058
9.239210
