60.890025
60.890015
60.889998
60.889968
60.889939
60.889641
60.889651
60.889661
60.889672
60.889681
60.889699
60.889714
60.889727
60.889466
60.889487
60.889496
60.889505
60.889507
60.889240
60.889273
60.889300
60.889321
60.889347
60.889374
60.889395
60.889143
60.889186
60.888944
60.888988
60.889028
60.889067
60.889110
60.889152
60.889191
60.889222
60.889255
60.889294
60.889323
60.889354
60.889388
60.889411
60.889426
60.889436
60.889437
60.889443
60.889453
60.889458
60.889460
60.889457
60.889462
60.889464
60.889470
60.889483
60.889492
60.889500
60.889503
60.889499
60.889501
60.889504
60.889504
60.889497
60.889490
60.889493
60.889492
60.889502
60.889521
60.889269
60.889308
60.888537
60.888633
60.888731
60.888830
60.888908
60.888974
60.889025
60.889351
60.889377
60.889404
60.889440
60.889473
60.889504
60.889537
60.889562
60.889592
60.889632
60.889667
60.889685
60.889430
60.889465
60.889492
60.889514
60.889266
60.889308
60.889346
60.889384
60.889423
60.889467
60.889514
60.889559
60.889599
60.889635
60.889674
60.889706
60.889737
60.889773
60.889808
60.889838
60.889866
60.889619
60.889659
60.889701
60.889733
60.889755
60.889778
60.889802
60.889822
60.889841
60.889864
60.889609
60.889641
60.889662
60.889695
60.889726
60.889759
60.889784
60.889797
60.889821
60.889847
60.889859
60.889607
60.889643
60.889669
60.889696
60.889724
60.889484
60.889546
60.889608
60.889667
60.889715
60.889762
60.889800
60.889833
60.889865
60.889620
60.889378
60.889424
60.889193
60.889254
60.889316
60.889378
60.889429
60.889482
60.889522
60.889277
60.889325
60.889362
60.889390
60.889415
60.889436
60.889454
60.889486
60.889513
60.889531
60.889551
60.889578
60.889602
60.889622
60.889646
60.889667
60.889684
60.889699
60.889720
60.889742
60.889767
60.889795
60.889815
60.889835
60.889863
60.889888
60.889904
60.889923
60.889930
60.889928
60.889922
60.889916
60.889631
60.889653
60.889672
60.889687
60.889703
60.889727
60.889742
60.889755
60.889761
60.889762
60.889751
60.889736
60.889723
60.889713
60.889436
60.889186
60.889224
60.889270
60.889322
60.889097
60.889164
60.889233
60.889290
60.889332
60.889367
60.889404
60.889436
60.889474
60.889514
60.889545
60.889573
60.889334
60.889386
60.889432
60.889482
60.889523
60.889554
60.889582
60.889606
60.889624
60.889648
60.889662
60.889675
60.889682
60.889693
60.889700
60.889712
60.889725
60.889735
60.889729
60.889717
60.889711
60.889710
60.889725
60.889739
60.889751
60.889775
60.889811
60.889846
60.889882
60.889651
60.889709
60.889758
60.889797
60.889563
60.889620
60.889677
60.889733
60.889777
60.889811
60.889846
60.889877
60.889906
60.889931
60.889953
60.889965
60.889977
60.889994
60.890008
60.890025
60.890038
60.890044
60.890043
60.890047
60.890050
60.890049
60.890047
60.890039
60.890038
60.889766
60.889799
60.889840
60.889880
60.889919
60.889953
60.889994
60.890023
60.890044
60.890065
60.890083
60.890087
60.890086
60.890087
60.889824
60.889851
60.889880
60.889902
60.889915
60.889938
60.889958
60.889969
60.889978
60.889986
60.889977
60.889968
60.889964
60.889961
60.889969
60.889973
60.889971
60.890239
60.890226
60.890216
60.890203
60.890194
60.890186
60.890167
60.890154
60.890146
60.890145
60.890147
60.890146
60.890142
60.890134
60.890137
60.890136
60.890136
60.890137
60.890136
60.890128
60.890119
60.890118
60.890125
60.890139
60.889880
60.889904
60.889919
60.889942
60.889944
60.889939
60.889930
60.889917
60.889896
60.889870
60.889849
60.889569
60.889588
60.889609
60.889627
60.889370
60.889143
60.889203
60.889259
60.889139
60.888988
60.888921
60.888754
60.888581
60.888400
60.888216
60.888035
60.887854
60.887668
60.887473
60.887277
60.887086
60.886916
60.886780
60.886673
60.886589
60.886532
60.886484
60.886444
60.886403
60.886364
60.886320
60.886263
60.886199
60.886129
60.886062
60.886010
60.885965
60.885930
60.885894
60.885851
60.885807
60.885755
60.885699
60.885649
60.885622
60.885607
60.885605
60.885625
60.885655
60.885698
60.885753
60.885817
60.885889
60.885967
60.886046
60.886123
60.886208
60.886041
60.886180
60.886324
60.886485
60.886655
60.886825
60.887008
60.887191
60.887375
60.887559
60.887741
60.887910
60.888082
60.888273
60.888454
60.888629
60.888796
60.888947
60.889085
60.888936
60.889060
60.889168
60.888998
60.889107
60.889194
60.889288
60.889381
60.889459
60.889529
60.889588
60.889628
60.889382
60.889421
60.889457
60.889492
60.889536
60.889588
60.889657
60.889762
60.889889
60.890023
60.890168
60.890327
60.890479
60.890634
60.890789
60.890935
60.891067
60.891180
60.891257
60.891280
60.891275
60.891234
60.891155
60.891033
60.890884
60.890711
60.890516
60.890301
60.890066
60.889811
60.889542
60.889261
60.888967
60.888679
60.888395
60.888112
60.887840
60.887585
60.887347
60.887129
60.886939
60.886773
