11.756825
11.756822
11.756812
11.756797
11.756779
11.756778
11.757053
11.757034
11.757016
11.757001
11.756989
11.756973
11.756958
11.756935
11.756912
11.756891
11.756859
11.756829
11.756807
11.756795
11.756774
11.756754
11.756737
11.756721
11.756709
11.756703
11.756694
11.756686
11.756680
11.756668
11.756657
11.756660
11.756666
11.756670
11.756675
11.756682
11.756688
11.756691
11.756698
11.756705
11.756710
11.756713
11.756707
11.756715
11.756727
11.756731
11.756729
11.756718
11.756700
11.756681
11.756655
11.756634
11.756613
11.756590
11.756574
11.756560
11.756554
11.756554
11.756555
11.756547
11.756530
11.756511
11.756491
11.756468
11.756451
11.756443
11.756433
11.756431
11.756702
11.756693
11.756700
11.756707
11.756703
11.756694
11.756683
11.756669
11.756647
11.756633
11.756618
11.756606
11.756599
11.756594
11.756601
11.756615
11.756627
11.756641
11.756648
11.756653
11.756646
11.756635
11.756622
11.756607
11.756586
11.756570
11.756555
11.756561
11.756579
11.756593
11.756603
11.756613
11.756621
11.756623
11.756618
11.756610
11.756599
11.756860
11.756829
11.756796
11.756774
11.756762
11.756755
11.756744
11.756734
11.756729
11.756718
11.756710
11.756704
11.756689
11.756669
11.756649
11.756622
11.756600
11.756598
11.756591
11.756592
11.756596
11.756606
11.756614
11.756622
11.756631
11.756627
11.756622
11.756607
11.756592
11.756586
11.756592
11.756598
11.756607
11.756621
11.756639
11.756658
11.756676
11.756692
11.756699
11.756699
11.756691
11.756679
11.756674
11.756679
11.756682
11.756689
11.756693
11.756702
11.756709
11.756711
11.756717
11.756709
11.756697
11.756678
11.756659
11.756636
11.756629
11.756627
11.756620
11.756620
11.756622
11.756626
11.756356
11.756383
11.756398
11.756410
11.756425
11.756426
11.756442
11.756463
11.756489
11.756514
11.756542
11.756575
11.756606
11.756636
11.756666
11.756684
11.756688
11.756679
11.756665
11.756655
11.756657
11.756661
11.756669
11.756678
11.756685
11.756962
11.756942
11.756919
11.756887
11.756845
11.756800
11.756752
11.756712
11.756684
11.756673
11.756938
11.756915
11.756904
11.756890
11.756877
11.756870
11.756853
11.756838
11.756816
11.756795
11.756793
11.756792
11.756787
11.756782
11.756781
11.756787
11.756790
11.756792
11.756798
11.757061
11.757028
11.756985
11.756945
11.756908
11.757150
11.757088
11.757033
11.756979
11.756933
11.756890
11.756856
11.756822
11.756790
11.756754
11.756993
11.756941
11.756904
11.756878
11.756854
11.756835
11.756815
11.756802
11.756802
11.756802
11.756800
11.756797
11.756794
11.756791
11.756795
11.756805
11.756807
11.756813
11.756822
11.756824
11.756823
11.756818
11.756806
11.756785
11.756762
11.756736
11.756993
11.756964
11.756939
11.756915
11.756888
11.756870
11.756852
11.756828
11.756809
11.756791
11.756766
11.756739
11.756718
11.756705
11.756708
11.756718
11.756728
11.756740
11.756754
11.756768
11.756772
11.756774
11.756767
11.756754
11.756735
11.756719
11.756714
11.756711
11.756712
11.756711
11.756712
11.756723
11.756729
11.756728
11.757001
11.756967
11.756925
11.756882
11.756842
11.756807
11.756795
11.756783
11.756772
11.756761
11.756756
11.756746
11.756738
11.756720
11.756700
11.756672
11.756643
11.756625
11.756623
11.756634
11.756648
11.756659
11.756677
11.756697
11.756716
11.756736
11.756750
11.756757
11.756762
11.756758
11.756766
11.756782
11.756798
11.756814
11.756816
11.756820
11.756824
11.756814
11.756799
11.756791
11.756776
11.756757
11.756733
11.756707
11.756689
11.756674
11.756669
11.756658
11.756645
11.756644
11.756643
11.756645
11.756647
11.756647
11.756646
11.756641
11.756633
11.756634
11.756642
11.756653
11.756659
11.756669
11.756681
11.756691
11.756699
11.756700
11.756695
11.756677
11.756661
11.756649
11.756644
11.756637
11.756626
11.756619
11.756614
11.756608
11.756596
11.756586
11.756575
11.756556
11.756534
11.756514
11.756501
11.756496
11.756496
11.756498
11.756504
11.756515
11.756528
11.756540
11.756557
11.756567
11.756566
11.756560
11.756554
11.756543
11.756551
11.756561
11.756567
11.756581
11.756598
11.756342
11.756373
11.756396
11.756411
11.756419
11.756419
11.756425
11.756433
11.756445
11.756461
11.756473
11.756484
11.756495
11.756504
11.756504
11.756503
11.756496
11.756493
11.756485
11.756481
11.756487
11.756502
11.756524
11.756536
11.756542
11.756543
11.756545
11.756550
11.756554
11.756557
11.756565
11.756581
11.756591
11.756600
11.756609
11.756608
11.756599
11.756597
11.756601
11.756609
11.756622
11.756633
11.756639
11.756650
11.756660
11.756672
11.756682
11.756687
11.756681
11.756663
11.756644
11.756630
11.756618
11.756617
11.756609
11.756601
11.756593
11.756580
11.756566
11.756556
11.756551
11.756540
11.756526
11.756510
11.756508
11.756512
11.756522
11.756800
11.756783
11.756772
11.756766
11.756758
11.756745
11.756740
11.756729
11.756717
11.756711
11.756710
11.756711
11.756717
11.756718
11.756691
11.756664
11.755563
11.755616
11.755641
11.755691
11.755731
11.755770
11.755814
11.755861
11.755901
11.755940
11.755975
11.756021
11.756071
11.756134
11.756214
11.756276
11.756332
11.755308
11.755449
11.755555
11.755633
11.755706
11.755774
11.755863
11.755962
11.756067
11.756177
11.756286
11.756408
11.756266
11.757000
11.757113
11.757230
11.757352
11.754001
11.754356
11.754695
11.754745
11.757489
11.757621
11.759922
11.759611
11.761527
11.761378
11.763188
11.762918
11.762652
11.762120
11.761885
11.761654
11.761431
11.760943
11.760490
11.760082
11.759712
11.759375
11.759325
11.759272
11.759215
11.759142
11.759057
11.758964
11.758870
11.758496
11.758418
11.758062
11.757739
11.757714
11.757682
11.757641
11.757578
11.757498
11.757392
11.757258
11.757378
11.757199
11.757284
11.757079
11.756886
11.756709
11.756815
11.756904
11.756975
11.757033
11.757077
11.757118
11.757141
11.757160
11.757175
11.757183
11.757193
11.757207
11.757234
11.757266
11.757292
11.757303
11.757309
11.757310
11.757303
11.757294
11.757291
11.757290
11.757294
11.757339
11.757435
11.757581
11.757767
11.757974
11.758201
11.758429
11.758653
11.758874
11.759101
11.759330
11.759560
11.759800
11.760044
11.760261
11.760458
11.760630
11.760780
11.760916
11.761045
11.761159
11.761266
11.761361
11.761461
11.761572
11.761695
11.761822
11.761949
11.762090
11.762241
11.762412
11.762586
11.762749
11.762921
11.763101
11.763276
11.763438
11.763588
11.763723
11.763839
11.763946
11.764040
11.764117
11.764173
11.764203
11.764200
11.764169
11.764113
11.764022
11.763898
11.763742
11.763560
11.763358
11.763143
11.762913
11.762668
11.762412
11.762144
11.761857
11.761565
11.761554
11.761248
11.760938
11.760638
11.760349
11.760090
11.759867
11.759676
11.759797
11.759658
11.759544
11.759442
11.759371
11.759348
11.759339
11.759349
11.759374
11.759403
11.759442
11.759484
11.759519
11.759543
11.759554
11.759532
11.759494
11.759436
11.759355
11.759242
11.759101
11.758937
11.758743
11.758527
11.758298
11.758055
11.757808
11.757572
11.757351
11.757158
11.757000
11.756898
11.756837
11.756822
11.756848
11.756923
