67.858525
67.858583
67.858571
67.858552
67.858530
67.858521
67.859572
67.859484
67.859417
67.859349
67.859347
67.859337
67.859316
67.859202
67.859079
67.859033
67.859056
67.859011
67.858959
67.858918
67.858877
67.858847
67.858809
67.858771
67.858666
67.858629
67.859400
67.859290
67.859175
67.859064
67.859041
67.858949
67.859637
67.859578
67.859520
67.860176
67.860092
67.859999
67.860784
67.860616
67.860449
67.860286
67.860130
67.859981
67.859842
67.859720
67.859597
67.859492
67.859405
67.859304
67.859200
67.859089
67.858979
67.858934
67.858893
67.858857
67.858819
67.858787
67.858737
67.858685
67.858653
67.858609
67.858550
67.858557
67.858488
67.858435
67.858442
67.858395
67.858416
67.858423
67.858444
67.858458
67.858471
67.858483
67.858488
67.858484
67.858521
67.858487
67.858455
67.858422
67.858462
67.858424
67.858393
67.858948
67.858945
67.858948
67.858826
67.858771
67.858761
67.858740
67.858727
67.858699
67.858665
67.858630
67.858599
67.858584
67.858564
67.858545
67.858591
67.858641
67.858674
67.858618
67.858569
67.858580
67.858591
67.858592
67.858586
67.858587
67.858589
67.858593
67.858589
67.858572
67.858569
67.858554
67.858593
67.858635
67.858598
67.858566
67.858524
67.858483
67.858450
67.858486
67.858516
67.858474
67.858511
67.858557
67.858585
67.858598
67.858678
67.858688
67.858688
67.859188
67.859206
67.859153
67.859095
67.859185
67.859195
67.859214
67.859159
67.859172
67.859168
67.859167
67.859088
67.859066
67.859041
67.859018
67.858976
67.858943
67.858920
67.859543
67.859484
67.859425
67.859365
67.859300
67.859240
67.859191
67.859123
67.859062
67.858988
67.858915
67.858846
67.858846
67.858845
67.858779
67.858780
67.858788
67.858774
67.858774
67.858772
67.858764
67.858737
67.858707
67.858673
67.858637
67.858600
67.858571
67.858609
67.858578
67.858608
67.858632
67.858659
67.858612
67.858626
67.858621
67.858616
67.858605
67.858586
67.859394
67.859338
67.859274
67.859221
67.859153
67.859093
67.859029
67.858964
67.858951
67.858862
67.858916
67.858821
67.858791
67.858771
67.858822
67.858804
67.858786
67.858774
67.858751
67.858727
67.858698
67.858676
67.858642
67.858385
67.858343
67.858308
67.858345
67.858381
67.858331
67.858358
67.858390
67.858484
67.858496
67.858232
67.858246
67.858233
67.858219
67.859069
67.858988
67.858910
67.858894
67.859019
67.858999
67.858980
67.858961
67.858947
67.858940
67.858915
67.858871
67.858827
67.858781
67.858729
67.858608
67.859394
67.859307
67.859232
67.859235
67.859157
67.859164
67.859164
67.859155
67.859143
67.860143
67.860033
67.859933
67.859832
67.859804
67.860797
67.860649
67.860577
67.860440
67.860303
67.860166
67.860029
67.859965
67.859889
67.859880
67.859799
67.859719
67.859644
67.859583
67.859528
67.859458
67.859468
67.859393
67.859298
67.859216
67.859145
67.859075
67.859007
67.858945
67.858884
67.858899
67.858646
67.858669
67.858683
67.858693
67.858697
67.858680
67.859621
67.859533
67.859440
67.859337
67.859239
67.859226
67.859154
67.859097
67.859089
67.859078
67.859059
67.859031
67.858983
67.858928
67.858881
67.858828
67.858770
67.858729
67.858700
67.858686
67.858663
67.858639
67.859522
67.859426
67.859389
67.860082
67.859979
67.859883
67.859697
67.859600
67.859515
67.859445
67.859394
67.859357
67.859748
67.859666
67.859579
67.860163
67.860015
67.859953
67.859946
67.859867
67.859718
67.859648
67.859606
67.859568
67.859521
67.859471
67.859405
67.859342
67.859269
67.861836
67.861465
67.863890
67.863369
67.862936
67.862739
67.862340
67.862157
67.861799
67.861636
67.861300
67.861138
67.860830
67.860676
67.860405
67.860256
67.860013
67.859862
67.859711
67.859632
67.862229
67.861952
67.864401
67.863965
67.863539
67.863146
67.863841
67.864208
67.863755
67.863318
67.862919
67.862521
67.862164
67.861791
67.861466
67.861108
67.860821
67.860483
67.861462
67.861315
67.861160
67.860985
67.860790
67.860630
67.860371
67.860095
67.859851
67.859835
67.859698
67.859598
67.859460
67.859300
67.859097
67.859132
67.858889
67.858843
67.858769
67.858667
67.858538
67.858535
67.858374
67.858272
67.858170
67.858264
67.858408
67.858515
67.859703
67.859635
67.860438
67.860263
67.860074
67.859880
67.859688
67.859484
67.859286
67.859365
67.859199
67.859245
67.859262
67.859249
67.859016
67.858994
67.859039
67.859064
67.859087
67.859115
67.858933
67.858980
67.858809
67.858853
67.858895
67.858906
67.858897
67.858856
67.858829
67.858857
67.858881
67.858914
67.858963
67.859030
67.859102
67.859830
67.861150
67.861113
67.861061
67.861007
67.860937
67.860873
67.860779
67.860682
67.860555
67.860481
67.860360
67.860209
67.859898
67.859686
67.859411
67.859113
67.858807
67.858518
67.858170
67.857920
67.857698
67.857512
