9.252100
9.246632
9.235400
9.235722
9.236110
9.236556
9.237051
9.237586
9.238152
9.238739
9.239340
9.239948
9.240555
9.241157
9.241748
9.242325
9.242885
9.243425
9.243944
9.244440
9.244914
9.245364
9.245790
9.246194
9.246575
9.246934
9.247272
9.247590
9.247888
9.248167
9.248429
9.248675
9.248904
9.249119
9.249320
9.249507
9.249682
9.249846
9.249999
9.250141
9.250274
9.250398
9.250514
9.250621
9.250722
9.250816
9.250903
9.250985
9.251061
9.251132
9.251198
9.251259
9.251316
9.251370
9.251420
9.251466
9.251509
9.251550
9.251587
9.251622
9.251655
9.251685
9.251713
9.251740
9.251764
9.251787
9.251809
9.251829
9.251847
9.251864
9.251880
9.251895
9.251909
9.251922
9.251934
9.251946
9.251956
9.251966
9.251975
9.251984
9.251992
9.251999
9.252006
9.252012
9.252018
9.252024
9.252029
9.252034
9.252038
9.252043
9.252047
9.252050
9.252054
9.252057
9.252060
9.252062
9.252065
9.252067
9.252070
9.252072
9.252074
9.252075
9.252077
9.252079
9.252080
9.252082
9.252083
9.252084
9.252085
9.252086
9.252087
9.252088
9.252089
9.252089
9.252090
9.252091
9.252092
9.252092
9.252093
9.252093
9.252094
9.252094
9.252094
9.252095
9.252095
9.252096
9.252096
9.252096
9.252096
9.252097
9.252097
9.252097
9.252097
9.252097
9.252098
9.252098
9.252098
9.252098
9.252098
9.252098
9.252098
9.252099
9.252099
9.252099
9.252099
9.252099
9.252099
9.252099
9.252099
9.252099
9.252099
9.252099
9.252099
9.252099
9.252099
9.252099
9.252099
9.252100
9.252100
9.252100
9.252100
9.252100
9.252100
9.252100
9.252100
9.252100
9.252100
9.252100
9.252100
9.252100
9.252100
9.252100
9.252100
9.252100
9.252100
9.252100
9.252100
9.252100
9.252100
9.252100
9.252100
9.252100
9.252100
9.252100
9.252100
9.252100
9.252100
9.252100
9.252100
9.252100
9.252100
9.252100
9.252100
9.252100
9.252100
9.252100
9.252100
9.252100
9.252100
9.252100
9.252100
9.252100
9.252100
9.252100
9.252100
9.252100
9.252100
9.252100
9.252100
9.252100
9.252100
9.252100
9.252100
9.252100
9.252100
9.252100
9.252100
9.252100
9.252100
9.252100
9.252100
9.252100
9.252100
9.252100
9.252100
9.252100
9.252100
9.252100
9.252100
9.252100
9.252100
9.252100
9.252100
9.252100
9.252100
9.252100
9.252100
9.252100
9.252100
9.252100
9.252100
9.252100
9.252100
9.252100
9.252100
9.252100
9.252100
9.252100
9.252100
9.252100
9.252100
9.252100
9.252100
9.252100
9.252100
9.252100
9.252100
9.252100
9.252100
9.252100
9.252100
9.252100
9.252100
9.252100
9.252100
9.252100
9.252100
9.252100
9.252100
9.252100
9.252100
9.252100
9.252100
9.252100
9.252100
9.252100
9.252100
9.252100
9.252100
9.252100
9.252100
9.252100
9.252100
9.252100
9.252100
9.252100
9.252100
9.252100
9.252100
9.252100
9.252100
9.252100
9.252100
9.252100
9.252100
9.252100
9.252100
9.252100
9.252100
9.252100
9.252100
9.252100
9.252100
9.252100
9.252100
9.252100
9.252100
9.252100
9.252100
9.252100
9.252100
9.252100
9.252100
9.252100
9.252100
9.252100
9.252100
9.252100
9.252100
9.252100
9.252100
9.252100
9.252100
9.252100
9.252100
9.252100
9.252100
9.252100
9.252100
9.252100
9.252100
9.252100
9.252100
9.252100
9.252100
9.252100
9.252100
9.252100
9.252100
9.252100
9.252100
9.252100
9.252100
9.252100
9.252100
9.252100
9.252100
9.252100
9.252100
9.252100
9.252100
9.252100
9.252100
9.252100
9.252100
9.252100
9.252100
9.252100
9.252100
9.252100
9.252100
9.252100
9.252100
9.252100
9.252100
9.252100
9.252100
9.252100
9.252100
9.252100
9.252100
9.252100
9.252100
9.252100
9.252100
9.252100
9.252100
9.252100
9.252100
9.252100
9.252100
9.252100
9.252100
9.252100
9.252100
9.252100
9.252100
9.252100
9.252100
9.252100
9.252100
9.252100
9.252100
9.252100
9.252100
9.252100
9.252100
9.252100
9.252100
9.252100
9.252100
9.252100
9.252100
9.252100
9.252100
9.252100
9.252100
9.252100
9.252100
9.252100
9.252100
9.252100
9.252100
9.252100
9.252100
9.252100
9.252100
9.252100
9.252100
9.252100
9.252100
9.252100
9.252100
9.252100
9.252100
9.252100
9.252100
9.252100
9.252100
9.252100
9.252100
9.252100
9.252100
9.252100
9.252100
9.252100
9.252100
9.252100
9.252100
9.252100
9.252100
9.252100
9.252100
9.252100
9.252100
9.252100
9.252100
9.252100
9.252100
9.252100
9.252100
9.252100
9.252100
9.252100
9.252100
9.252100
9.252100
9.252100
9.252100
9.252100
9.252100
9.252100
9.252100
9.252100
9.252100
9.252100
9.252100
9.252100
9.252100
9.252100
9.252100
9.252100
9.252100
9.252100
9.252100
9.252100
9.252100
9.252100
9.252100
9.252100
9.252100
9.252100
9.252100
9.252100
9.252100
9.252100
9.252100
9.259826
9.229236
9.185851
9.198099
9.209512
9.220145
9.230052
9.239284
9.247885
9.255899
9.263366
9.270324
9.276806
9.282846
9.288474
9.293718
9.298604
9.303156
9.307398
9.311350
9.315032
9.318463
9.321660
9.324639
9.327414
9.330000
9.332409
9.334654
9.336746
9.338695
9.340511
9.342203
9.343779
9.345248
9.346617
9.347892
9.349080
9.350187
9.351219
9.352180
9.353075
9.353910
9.354687
9.355412
9.356087
9.356715
9.357301
9.357847
9.358356
9.358830
9.359272
9.359683
9.360066
9.360424
9.360756
9.361067
9.361356
9.361625
9.361876
9.362109
9.362327
9.362530
9.362719
9.362895
9.363059
9.363212
9.363355
9.363488
9.363611
9.363727
9.363834
9.363934
9.364027
9.364114
9.364195
9.364270
9.364341
9.364406
9.364467
9.364524
9.364577
9.364626
9.364672
9.364715
9.364755
9.364792
9.364827
9.364859
9.364889
9.364917
9.364943
9.364968
9.364990
9.365012
9.365031
9.365050
9.365067
9.365083
9.365097
9.365111
9.365124
9.365136
9.365147
9.365158
9.365167
9.365177
9.365185
9.365193
9.365200
9.365207
9.365213
9.365219
9.365225
9.365230
9.365235
9.365239
9.365243
9.365247
9.365251
9.365254
9.365257
9.365260
9.365263
9.365265
9.365268
9.365270
9.365272
9.365274
9.365276
9.365277
9.365279
9.365280
9.365282
9.365283
9.365284
9.365285
9.365286
9.365287
9.365288
9.365289
9.365290
9.365290
9.365291
9.365292
9.365292
9.365293
9.365293
9.365294
9.365294
9.365294
9.365295
9.365295
9.365296
9.365296
9.365296
9.365296
9.365297
9.365297
9.365297
9.365297
9.365297
9.365298
9.365298
9.365298
9.365298
9.365298
9.365298
9.365298
9.365299
9.365299
9.365299
9.365299
9.365299
9.365299
9.365299
9.365299
9.365299
9.365299
9.365299
9.365299
9.365299
9.365299
9.365299
9.365300
9.365300
9.365300
9.365300
9.365300
9.365300
9.365300
9.365300
9.365300
9.365300
9.365300
9.365300
9.365300
9.365300
9.365300
9.365300
9.365300
9.365300
9.365300
9.365300
9.365300
9.365300
9.365300
9.365300
9.365300
9.365300
9.365300
9.365300
9.365300
9.365300
9.365300
9.365300
9.365300
9.365300
9.365300
9.365300
9.365300
9.365300
9.365300
9.365300
9.365300
9.365300
9.365300
9.365300
9.365300
9.365300
9.365300
9.365300
9.365300
9.365300
9.365300
9.365300
9.365300
9.365300
9.365300
9.365300
9.365300
9.365300
9.365300
9.365300
9.365300
9.365300
9.365300
9.365300
9.365300
9.365300
9.365300
9.365300
9.365300
9.365300
9.365300
9.365300
9.365300
9.365300
9.365300
9.365300
9.365300
9.365300
9.365300
9.365300
9.365300
9.365300
9.365300
9.365300
9.365300
9.365300
9.365300
9.365300
9.365300
9.365300
9.365300
9.365300
9.365300
9.365300
9.365300
9.365300
9.365300
9.365300
9.365300
9.365300
9.365300
9.365300
9.365300
9.365300
9.365300
9.365300
9.365300
9.365300
9.365300
9.365300
9.365300
9.365300
9.365300
9.365300
9.365300
9.365300
9.365300
9.365300
9.365300
9.365300
9.365300
9.365300
9.365300
9.365300
9.365300
9.365300
9.365300
9.365300
9.365300
9.365300
9.365300
9.365300
9.365300
9.365300
9.365300
9.365300
9.365300
9.365300
9.365300
9.365300
9.365300
9.365300
9.365300
9.365300
9.365300
9.365300
9.365300
9.365300
9.365300
9.365300
9.365300
9.365300
9.365300
9.365300
9.365300
9.365300
9.365300
9.365300
9.365300
9.365300
9.365300
9.365300
9.365300
9.365300
9.365300
9.365300
9.365300
9.365300
9.365300
9.365300
9.365300
9.365300
9.365300
9.365300
9.365300
9.365300
9.365300
9.365300
9.365300
9.365300
9.365300
9.365300
9.365300
9.365300
9.365300
9.365300
9.365300
9.365300
9.365300
9.365300
9.365300
9.365300
9.365300
9.365300
9.365300
9.365300
9.365300
9.365300
9.365300
9.365300
9.365300
9.365300
9.365300
9.365300
9.365300
9.365300
9.365300
9.365300
9.365300
9.365300
9.365300
9.365300
9.365300
9.365300
9.365300
9.365300
9.365300
9.365300
9.365300
9.365300
9.365300
9.365300
9.365300
9.365300
9.365300
9.365300
9.365300
9.365300
9.365300
9.365300
9.365300
9.365300
9.365300
9.365300
9.365300
9.365300
9.365300
9.365300
9.365300
9.365300
9.365300
9.365300
9.365300
9.365300
9.365300
9.365300
9.365300
9.365300
9.365300
9.365300
9.365300
9.365300
9.365300
9.365300
9.365300
9.365300
9.365300
9.365300
9.365300
9.365300
9.365300
9.365300
9.365300
9.365300
9.365300
9.365300
9.365300
9.365300
9.365300
9.365300
9.365300
9.365300
9.365300
9.365300
9.365300
9.365300
9.365300
9.365300
9.365300
9.365300
9.365300
9.365300
9.365300
9.365300
9.365300
9.365300
9.365300
9.365300
9.365300
9.365300
9.365300
9.365300
9.365300
9.365300
9.365300
9.365300
9.365300
9.365300
9.365300
9.365300
9.365300
9.365300
9.365300
9.365300
9.372707
9.341820
9.298158
9.310148
9.321319
9.331729
9.341427
9.350464
9.358884
9.366729
9.374039
9.380850
9.387196
9.393109
9.398618
9.403751
9.408534
9.412991
9.417143
9.421012
9.424617
9.427975
9.431105
9.434021
9.436737
9.439269
9.441627
9.443825
9.445873
9.447781
9.449558
9.451215
9.452758
9.454196
9.455536
9.456784
9.457947
9.459031
9.460041
9.460981
9.461858
9.462675
9.463436
9.464145
9.464806
9.465421
9.465995
9.466529
9.467027
9.467491
9.467924
9.468326
9.468702
9.469051
9.469377
9.469681
9.469964
9.470227
9.470473
9.470702
9.470915
9.471113
9.471298
9.471471
9.471632
9.471781
9.471921
9.472051
9.472172
9.472285
9.472390
9.472488
9.472579
9.472664
9.472743
9.472817
9.472886
9.472950
9.473010
9.473065
9.473117
9.473166
9.473211
9.473253
9.473292
9.473328
9.473362
9.473394
9.473423
9.473450
9.473476
9.473500
9.473522
9.473543
9.473562
9.473580
9.473597
9.473612
9.473627
9.473640
9.473653
9.473665
9.473676
9.473686
9.473695
9.473704
9.473712
9.473720
9.473727
9.473734
9.473740
9.473746
9.473751
9.473756
9.473761
9.473765
9.473769
9.473773
9.473777
9.473780
9.473783
9.473786
9.473789
9.473791
9.473793
9.473796
9.473798
9.473799
9.473801
9.473803
9.473804
9.473806
9.473807
9.473808
9.473809
9.473811
9.473811
9.473812
9.473813
9.473814
9.473815
9.473816
9.473816
9.473817
9.473817
9.473818
9.473818
9.473819
9.473819
9.473820
9.473820
9.473820
9.473821
9.473821
9.473821
9.473821
9.473822
9.473822
9.473822
9.473822
9.473823
9.473823
9.473823
9.473823
9.473823
9.473823
9.473823
9.473823
9.473824
9.473824
9.473824
9.473824
9.473824
9.473824
9.473824
9.473824
9.473824
9.473824
9.473824
9.473824
9.473824
9.473824
9.473824
9.473825
9.473825
9.473825
9.473825
9.473825
9.473825
9.473825
9.473825
9.473825
9.473825
9.473825
9.473825
9.473825
9.473825
9.473825
9.473825
9.473825
9.473825
9.473825
9.473825
9.473825
9.473825
9.473825
9.473825
9.473825
9.473825
9.473825
9.473825
9.473825
9.473825
9.473825
9.473825
9.473825
9.473825
9.473825
9.473825
9.473825
9.473825
9.473825
9.473825
9.473825
9.473825
9.473825
9.473825
9.473825
9.473825
9.473825
9.473825
9.473825
9.473825
9.473825
9.473825
9.473825
9.473825
9.473825
9.473825
9.473825
9.473825
9.473825
9.473825
9.473825
9.473825
9.473825
9.473825
9.473825
9.473825
9.473825
9.473825
9.473825
9.473825
9.473825
9.473825
9.473825
9.473825
9.473825
9.473825
9.473825
9.473825
9.473825
9.473825
9.473825
9.473825
9.473825
9.473825
9.473825
9.473825
9.473825
9.473825
9.473825
9.473825
9.473825
9.473825
9.473825
9.473825
9.473825
9.473825
9.473825
9.473825
9.473825
9.473825
9.473825
9.473825
9.473825
9.473825
9.473825
9.473825
9.473825
9.473825
9.473825
9.473825
9.473825
9.473825
9.473825
9.473825
9.473825
9.473825
9.473825
9.473825
9.473825
9.473825
9.473825
9.473825
9.473825
9.473825
9.473825
9.473825
9.473825
9.473825
9.473825
9.473825
9.473825
9.473825
9.473825
9.473825
9.473825
9.473825
9.473825
9.473825
9.473825
9.473825
9.473825
9.473825
9.473825
9.473825
9.473825
9.473825
9.473825
9.473825
9.473825
9.473825
9.473825
9.473825
9.473825
9.473825
9.473825
9.473825
9.473825
9.473825
9.473825
9.473825
9.473825
9.473825
9.473825
9.473825
9.473825
9.473825
9.473825
9.473825
9.473825
9.473825
9.473825
9.473825
9.473825
9.473825
9.473825
9.473825
9.473825
9.473825
9.473825
9.473825
9.473825
9.473825
9.473825
9.473825
9.473825
9.473825
9.473825
9.473825
9.473825
9.473825
9.473825
9.473825
9.473825
9.473825
9.473825
9.473825
9.473825
9.473825
9.473825
9.473825
9.473825
9.473825
9.473825
9.473825
9.473825
9.473825
9.473825
9.473825
9.473825
9.473825
9.473825
9.473825
9.473825
9.473825
9.473825
9.473825
9.473825
9.473825
9.473825
9.473825
9.473825
9.473825
9.473825
9.473825
9.473825
9.473825
9.473825
9.473825
9.473825
9.473825
9.473825
9.473825
9.473825
9.473825
9.473825
9.473825
9.473825
9.473825
9.473825
9.473825
9.473825
9.473825
9.473825
9.473825
9.473825
9.473825
9.473825
9.473825
9.473825
9.473825
9.473825
9.473825
9.473825
9.473825
9.473825
9.473825
9.473825
9.473825
9.473825
9.473825
9.473825
9.473825
9.473825
9.473825
9.473825
9.473825
9.473825
9.473825
9.473825
9.473825
9.473825
9.473825
9.473825
9.473825
9.473825
9.473825
9.473825
9.473825
9.473825
9.473825
9.473825
9.473825
9.473825
9.473825
9.473825
9.473825
9.473825
9.473825
9.473825
9.473825
9.473825
9.473825
9.473825
9.473825
9.473825
9.473825
9.473825
9.473825
9.473825
9.473825
9.473825
9.473825
9.473825
9.473825
9.443757
9.400858
9.383170
9.351805
9.345174
9.324112
9.326770
9.314363
9.325414
9.320828
9.234708
9.243712
9.170253
9.191055
9.128590
9.078094
9.005824
8.971095
8.914167
8.893732
8.849159
8.840236
8.807024
8.753692
8.758994
8.738711
8.697424
8.713951
8.704434
8.673180
8.699053
8.697928
8.674493
8.707651
8.713646
8.696844
8.736183
8.747603
8.735856
8.779906
8.795716
8.788061
8.835922
8.855590
8.851528
8.877799
8.879889
8.911589
8.918738
8.955470
8.967307
8.985691
9.010170
9.040632
9.052594
9.066294
9.078352
9.052333
9.077442
9.063047
9.034753
9.061061
9.085574
9.108414
9.129695
9.149523
9.167998
9.185212
9.201251
9.216196
9.230120
9.243094
9.255182
9.266445
9.276940
9.286718
9.295829
9.304318
9.312227
9.319597
9.326464
9.332862
9.338823
9.344377
9.349553
9.354375
9.358867
9.363054
9.366954
9.370589
9.373975
9.377130
9.380070
9.382809
9.385361
9.387739
9.389954
9.392019
9.393942
9.395735
9.397404
9.398960
9.400410
9.401761
9.403019
9.404192
9.405285
9.406303
9.407251
9.408135
9.408959
9.409726
9.410441
9.411107
9.411728
9.412306
9.412845
9.413347
9.413814
9.414250
9.414656
9.415035
9.415387
9.415716
9.416022
9.416307
9.416573
9.416820
9.417051
9.417266
9.417466
9.417653
9.417827
9.417989
9.418140
9.418280
9.418411
9.418533
9.418647
9.418753
9.418852
9.418944
9.419030
9.419109
9.419184
9.419253
9.419318
9.419378
9.419434
9.419486
9.419535
9.419581
9.419623
9.419662
9.419699
9.419733
9.419765
9.419795
9.419822
9.419848
9.419872
9.419895
9.419915
9.419935
9.419953
9.419970
9.419985
9.420000
9.420014
9.420026
9.420038
9.420049
9.420060
9.420069
9.420078
9.420086
9.420094
9.420101
9.420108
9.420114
9.420120
9.420126
9.420131
9.420136
9.420140
9.420144
9.420148
9.420151
9.420155
9.420158
9.420161
9.420163
9.420166
9.420168
9.420170
9.420172
9.420174
9.420176
9.420178
9.420179
9.420181
9.420182
9.420183
9.420184
9.420185
9.420186
9.420187
9.420188
9.420189
9.420190
9.420190
9.420191
9.420192
9.420192
9.420193
9.420193
9.420194
9.420194
9.420195
9.420195
9.420195
9.420196
9.420196
9.420196
9.420196
9.420197
9.420197
9.420197
9.420197
9.420198
9.420198
9.420198
9.420198
9.420198
9.420198
9.420198
9.420198
9.420199
9.420199
9.420199
9.420199
9.420199
9.420199
9.420199
9.420199
9.420199
9.420199
9.420199
9.420199
9.420199
9.420199
9.420199
9.420200
9.420200
9.420200
9.420200
9.420200
9.420200
9.420200
9.420200
9.420200
9.420200
9.420200
9.420200
9.420200
9.420200
9.420200
9.420200
9.420200
9.420200
9.420200
9.420200
9.420200
9.420200
9.420200
9.420200
9.420200
9.420200
9.420200
9.420200
9.420200
9.420200
9.420200
9.420200
9.420200
9.420200
9.420200
9.420200
9.420200
9.420200
9.420200
9.420200
9.420200
9.420200
9.420200
9.420200
9.420200
9.420200
9.420200
9.420200
9.420200
9.420200
9.420200
9.420200
9.420200
9.420200
9.420200
9.420200
9.420200
9.420200
9.420200
9.420200
9.420200
9.420200
9.420200
9.420200
9.420200
9.420200
9.420200
9.420200
9.420200
9.420200
9.420200
9.420200
9.420200
9.420200
9.420200
9.420200
9.420200
9.420200
9.420200
9.420200
9.420200
9.420200
9.420200
9.420200
9.420200
9.420200
9.420200
9.420200
9.420200
9.420200
9.420200
9.420200
9.420200
9.420200
9.420200
9.420200
9.420200
9.420200
9.420200
9.420200
9.420200
9.420200
9.420200
9.420200
9.420200
9.420200
9.420200
9.420200
9.420200
9.420200
9.420200
9.420200
9.420200
9.420200
9.420200
9.420200
9.420200
9.420200
9.420200
9.420200
9.420200
9.420200
9.420200
9.420200
9.420200
9.420200
9.420200
9.420200
9.420200
9.420200
9.420200
9.420200
9.420200
9.420200
9.420200
9.420200
9.420200
9.420200
9.420200
9.420200
9.420200
9.420200
9.420200
9.420200
9.420200
9.420200
9.420200
9.420200
9.420200
9.420200
9.420200
9.420200
9.420200
9.420200
9.420200
9.420200
9.420200
9.420200
9.420200
9.420200
9.420200
9.420200
9.420200
9.420200
9.420200
9.420200
9.420200
9.420200
9.420200
9.420200
9.420200
9.420200
9.420200
9.420200
9.420200
9.420200
9.420200
9.420200
9.420200
9.420200
9.420200
9.420200
9.420200
9.420200
9.420200
9.420200
9.420200
9.420200
9.420200
9.420200
9.420200
9.420200
9.420200
9.420200
9.420200
9.420200
9.420200
9.420200
9.420200
9.420200
9.420200
9.420200
9.420200
9.420200
9.420200
9.420200
9.420200
9.420200
9.420200
9.420200
9.420200
9.420200
9.420200
9.420200
9.420200
9.420200
9.420200
9.420200
9.420200
9.420200
9.420200
9.420200
9.420200
9.420200
9.420200
9.420200
9.420200
9.420200
9.420200
9.420200
9.420200
9.420200
9.420200
9.420200
9.420200
9.420200
9.420200
9.420200
9.420200
9.420200
9.420200
9.420200
9.420200
9.420200
9.420200
9.420200
9.420200
9.420200
9.420200
9.420200
9.420200
9.420200
9.420200
9.420200
9.420200
9.420200
9.420200
9.420200
9.420200
9.420200
9.420200
9.420200
9.420200
9.420200
9.420200
9.420200
9.420200
9.420200
9.420200
9.420200
9.420200
9.420200
9.420200
9.420200
9.420200
9.420200
9.420200
9.420200
9.420200
9.420200
9.420200
9.420200
9.420200
9.420200
9.420200
9.420200
9.420200
9.420200
9.420200
9.420200
9.420200
9.420200
9.420200
9.357769
9.277212
9.257147
