9.233025
9.224400
9.203500
9.201275
9.203925
9.286350
9.284050
9.294000
9.296525
9.297350
9.283300
9.269075
9.261900
9.253125
9.243550
9.200125
9.219925
9.229225
9.236225
9.240900
9.235350
9.247500
9.249875
9.252300
9.253675
9.254925
9.256000
9.256750
9.257225
9.257550
9.257525
9.257450
9.257050
9.256375
9.265000
9.264025
9.253200
9.261050
9.250050
9.247675
9.254625
9.251925
9.239500
9.236250
9.232750
9.238500
9.225750
9.222200
9.228525
9.216250
9.223150
9.211475
9.210275
9.218725
9.218300
9.218525
9.209625
9.210600
9.221175
9.212925
9.214475
9.216000
9.226850
9.218825
9.229525
9.221500
9.222875
9.224325
9.235000
9.227300
9.229075
9.230775
9.242300
9.244475
9.237575
9.240025
9.242375
9.254150
9.247150
9.239650
9.250750
9.252075
9.253025
9.253625
9.263300
9.253475
9.262300
9.251900
9.250700
9.258450
9.247625
9.245975
9.244125
9.242400
9.231225
9.238900
9.237225
9.235050
9.242825
9.241225
9.230125
9.237900
9.227025
9.225675
9.224250
9.232100
9.221700
9.220550
9.228950
9.228100
9.218025
9.217650
9.217325
9.217325
9.226900
9.227250
9.218475
9.228650
9.220400
9.221675
9.223050
9.234250
9.226375
9.237500
9.230075
9.231975
9.233675
9.245025
9.237225
9.238800
9.240000
9.250675
9.251725
9.243325
9.243975
9.254025
9.254375
9.245350
9.245550
9.254950
9.245525
9.245400
9.245000
9.244575
9.253350
9.252725
9.242450
9.241500
9.249625
9.239125
9.247400
9.245950
9.235275
9.233975
9.232475
9.231175
9.229675
9.228325
9.236300
9.225925
9.224750
9.223925
9.223325
9.232050
9.222200
9.221950
9.231175
9.221950
9.231600
9.232000
9.223175
9.223750
9.224525
9.225175
9.225925
9.226925
9.227775
9.228800
9.229725
9.230825
9.231825
9.232950
9.234025
9.244525
9.245650
9.246375
9.228800
9.248425
9.239800
9.240425
9.241100
9.250975
9.241900
9.242225
9.242375
9.251800
9.242325
9.242025
9.241550
9.241175
9.240525
9.239800
9.248350
9.238025
9.237050
9.235925
9.244375
9.243225
9.233025
9.241600
9.240675
9.230500
9.229900
9.238350
9.238000
9.227925
9.227375
9.226850
9.235825
9.235425
9.225800
9.225625
9.235075
9.225650
9.225850
9.235300
9.235725
9.226775
9.236575
9.227875
9.228475
9.229225
9.239250
9.240125
9.222200
9.241775
9.242650
9.234200
9.244325
9.235800
9.236400
9.246375
9.247025
9.238150
9.238400
9.248200
9.239025
9.239250
9.239350
9.248825
9.248850
9.248600
9.239075
9.248250
9.238450
9.247375
9.237575
9.237025
9.236300
9.245175
9.235150
9.243950
9.233850
9.233300
9.242000
9.241475
9.231525
9.230900
9.220900
9.239150
9.238675
9.238300
9.228625
9.228300
9.237325
9.237050
9.227650
9.227625
9.237000
9.227850
9.227900
9.237750
9.238075
9.238500
9.229500
9.229950
9.230525
9.231175
9.231750
9.241500
9.242175
9.233375
9.233775
9.234425
9.244250
9.235300
9.235650
9.236050
9.255100
9.246100
9.246375
9.237325
9.246875
9.246900
9.237675
9.237725
9.237600
9.237450
9.237325
9.237075
9.255400
9.245750
9.235975
9.244725
9.234925
9.234575
9.233975
9.233475
9.233000
9.232550
9.241375
9.231725
9.231375
9.230975
9.230750
9.230500
9.230150
9.229800
9.239050
9.238850
9.229325
9.229375
9.238700
9.238800
9.229575
9.238950
9.229725
9.230150
9.230300
9.230750
9.240375
9.231375
9.240875
9.231950
9.241625
9.232700
9.233125
9.233475
9.243200
9.234225
9.234650
9.244225
9.235275
9.235700
9.235975
9.245350
9.236275
9.236250
9.245700
9.236350
9.245575
9.236225
9.245300
9.245275
9.226250
9.244750
9.235200
9.234900
9.234525
9.234275
9.234025
9.243125
9.242825
9.242475
9.242275
9.232525
9.232225
9.231975
9.231750
9.231550
9.231350
9.231100
9.230875
9.240175
9.230700
9.230550
9.239850
9.230475
9.230475
9.230550
9.230775
9.240350
9.240500
9.240550
9.231450
9.231725
9.231950
9.232225
9.241975
9.232850
9.242450
9.233350
9.233750
9.234075
9.243650
9.234475
9.234575
9.244150
9.244275
9.244450
9.235075
9.244525
9.235175
9.235050
9.244525
9.235275
9.244525
9.235125
9.244500
9.235125
9.234875
9.234875
9.244075
9.234300
9.234050
9.243275
9.233500
9.233250
9.232925
9.241950
9.232500
9.241450
9.231825
9.231850
9.231650
9.231675
9.231700
9.231550
9.231600
9.231450
9.231500
9.231425
9.240850
9.231300
9.231350
9.231300
9.240800
9.240775
9.231475
9.231675
9.231925
9.232025
9.241525
9.232450
9.232850
9.242500
9.242725
9.233625
9.233825
9.234075
9.234250
9.243750
9.243750
9.234675
9.244050
9.243875
9.234800
9.234675
9.234700
9.234675
9.234650
9.234400
9.243775
9.234350
9.243600
9.243575
9.243100
9.233700
9.231150
9.201875
