58.864500
58.860000
58.851375
58.853025
58.853925
58.854025
58.864300
58.881350
58.871375
58.861300
58.888850
58.878475
58.868025
58.867150
58.856550
58.742700
58.750750
58.862125
58.861000
58.859800
58.858900
58.849100
58.848550
58.867125
58.876825
58.867650
58.858850
58.860100
58.870125
58.871325
58.854025
58.864375
58.856100
58.754825
58.746450
58.858975
58.878275
58.869725
58.879325
58.870225
58.870525
58.870750
58.870950
58.871200
58.871600
58.872075
58.863175
58.873425
58.864575
58.865225
58.866200
58.754400
58.754525
58.885925
58.876750
58.867225
58.876125
58.875775
58.874850
58.873900
58.872950
58.872025
58.880275
58.869725
58.859675
58.858600
58.867125
58.866875
58.865925
58.752950
58.762025
58.864900
58.855100
58.873500
58.864275
58.854450
58.873050
58.863800
58.863525
58.751375
58.741900
58.854425
58.863675
58.863775
58.864025
58.864075
58.873725
58.864775
58.865175
58.744150
58.753950
58.866850
58.867675
58.858925
58.850350
58.851225
58.861025
58.861675
58.872000
58.760075
58.769625
58.863475
58.863950
58.863700
58.863750
58.873525
58.882425
58.872650
58.863325
58.759925
58.768825
58.880850
58.862125
58.861550
58.870525
58.870225
58.860450
58.869400
58.869225
58.756675
58.746500
58.867875
58.867550
58.867150
58.857325
58.866300
58.866000
58.856025
58.865075
58.752650
58.724375
58.854900
58.864000
58.854950
58.873425
58.873300
58.864675
58.864500
58.874125
58.753200
58.744375
58.866025
58.866500
58.867125
58.858025
58.848975
58.868275
58.868675
58.869075
58.757025
58.748425
58.869900
58.870225
58.870500
58.861400
58.871050
58.871175
58.880950
58.871500
58.731275
58.741025
58.881400
58.872025
58.871925
58.872175
58.871825
58.871600
58.862475
58.862025
58.749300
58.767725
58.870825
58.879400
58.869600
58.860350
58.869025
58.877950
58.868175
58.867825
58.755100
58.754700
58.867000
58.857350
58.866500
58.857050
58.856925
58.866250
58.866325
58.866550
58.754275
58.754100
58.866425
58.866725
58.866700
58.875950
58.867325
58.867100
58.876600
58.867800
58.755625
58.755675
58.868100
58.877975
58.868875
58.859550
58.860200
58.878950
58.869900
58.861000
58.758400
58.748925
58.861425
58.880550
58.871025
58.861825
58.861950
58.880625
58.871175
58.861600
58.758850
58.749075
58.861100
58.879775
58.870250
58.860650
58.869650
58.879125
58.869550
58.878600
58.766200
58.756600
58.868600
58.868350
58.868325
58.867975
58.867725
58.849275
58.858050
58.867175
58.754850
58.755000
58.857700
58.866875
58.839025
58.838975
58.857300
58.866850
58.866925
58.866825
58.745450
58.755325
58.858150
58.858200
58.867675
58.877300
58.877400
58.868100
58.859300
58.878050
58.756600
58.757125
58.869475
58.878900
58.860250
58.860725
58.869875
58.879375
58.870475
58.860800
58.757700
58.757800
58.870300
58.870000
58.869850
58.860925
58.870025
58.869800
58.869875
58.869850
58.757325
58.729100
58.850950
58.869200
58.868925
58.859425
58.868675
58.877775
58.868175
58.858825
58.755500
58.764600
58.867425
58.848775
58.867375
58.867125
58.867475
58.867250
58.876425
58.858125
58.764425
58.755025
58.867275
58.848950
58.839400
58.858050
58.858650
58.867825
58.867875
58.849425
58.756300
58.756100
58.859100
58.878200
58.868925
58.859600
58.868925
58.869150
58.869275
58.869375
58.766900
58.757500
58.860325
58.860325
58.879275
58.860550
58.851300
58.870350
58.870175
58.870025
58.757975
58.758025
58.870100
58.869900
58.870150
58.860350
58.869400
58.860075
58.859975
58.869050
58.756650
58.756925
58.868975
58.868800
58.868800
58.868625
58.868500
58.877925
58.868650
58.877825
58.756125
58.756375
58.859000
58.849400
58.858775
58.868225
58.867925
58.867775
58.877550
58.868125
58.755725
58.746850
58.868375
58.868375
58.868425
58.859525
58.849975
58.868800
58.869050
58.850325
58.747400
58.747475
58.878925
58.869225
58.869100
58.869250
58.860000
58.869325
58.878725
58.869525
58.757125
58.756950
58.860250
58.869475
58.869425
58.869400
58.869525
58.869200
58.878475
58.869500
58.747600
58.756775
58.869050
58.859750
58.859550
58.878175
58.869000
58.859300
58.868475
58.859275
58.756175
58.755750
58.858525
58.867725
58.865250
58.859975
58.851025
