12.984100
12.805925
12.787150
12.974250
12.976400
12.822225
12.810350
12.836225
12.805725
12.803150
12.810200
12.807900
12.805400
12.812550
12.913025
12.798700
12.796600
12.794850
12.793250
12.791400
12.799275
12.788700
12.778125
12.777175
12.786050
12.785525
12.785375
12.776225
12.804800
12.786800
12.797050
12.789200
12.902975
12.802050
12.785325
12.797000
12.799175
12.801525
12.804075
12.806200
12.808525
12.811075
12.813000
12.814800
12.826000
12.818250
12.819500
12.829875
12.821575
12.822250
12.944550
12.823150
12.814075
12.832650
12.822950
12.822775
12.822150
12.821575
12.820775
12.819650
12.818300
12.817175
12.815450
12.823250
12.812175
12.810400
12.808550
12.806575
12.917150
12.802725
12.810400
12.799350
12.788600
12.805725
12.795100
12.794075
12.793125
12.792325
12.904025
12.801075
12.791525
12.791675
12.792350
12.792725
12.793275
12.785100
12.804425
12.796025
12.909625
12.798825
12.799775
12.801200
12.802800
12.822775
12.805525
12.816375
12.808400
12.809825
12.923600
12.812700
12.823100
12.814825
12.825175
12.816725
12.817375
12.808650
12.828000
12.818825
12.931250
12.809325
12.818650
12.827450
12.826800
12.816925
12.825325
12.814825
12.813850
12.812575
12.933075
12.809975
12.808950
12.807325
12.806075
12.814425
12.794525
12.811975
12.811200
12.800875
12.921350
12.808425
12.789200
12.807150
12.797250
12.796950
12.805975
12.787150
12.796450
12.796550
12.909150
12.806500
12.797575
12.798325
12.798975
12.818475
12.810250
12.792375
12.802650
12.804075
12.926675
12.806200
12.807200
12.808525
12.809300
12.810225
12.811375
12.811975
12.803400
12.822850
12.945000
12.814400
12.814650
12.824400
12.805675
12.815000
12.814850
12.824025
12.814325
12.823225
12.925725
12.803500
12.812100
12.811350
12.820050
12.809825
12.809000
12.808400
12.816650
12.797025
12.927275
12.804850
12.813325
12.803175
12.802600
12.801850
12.810500
12.791450
12.800250
12.799775
12.921075
12.799500
12.799150
12.799100
12.799600
12.799600
12.799875
12.800275
12.791375
12.810725
12.914275
12.802850
12.794100
12.813425
12.814275
12.815050
12.806275
12.807000
12.817200
12.808450
12.921450
12.809550
12.810425
12.810675
12.811050
12.821100
12.812075
12.812075
12.821925
12.812500
12.924850
12.821850
12.812650
12.803000
12.821200
12.811850
12.811200
12.810450
12.819375
12.790825
12.930450
12.808050
12.807525
12.797550
12.815625
12.805750
12.814375
12.813800
12.803925
12.803650
12.915275
12.811850
12.802175
12.801950
12.829500
12.810875
12.801625
12.801450
12.801525
12.811075
12.913975
12.811350
12.811525
12.802775
12.802950
12.803300
12.803975
12.813600
12.795325
12.814550
12.908650
12.815625
12.797400
12.816725
12.817200
12.808300
12.808725
12.809175
12.819000
12.809900
12.922600
12.810600
12.810700
12.820075
12.810800
12.820175
12.810600
12.820025
12.801025
12.819375
12.921950
12.828150
12.809100
12.808750
12.817975
12.807975
12.807575
12.807400
12.816175
12.806450
12.918375
12.805725
12.814575
12.795500
12.814075
12.804175
12.813200
12.794375
12.812800
12.803125
12.906025
12.812550
12.803100
12.821725
12.812500
12.812600
12.803325
12.803500
12.813250
12.813425
12.916700
12.814100
12.805225
12.805500
12.815225
12.797200
12.806750
12.807100
12.807600
12.807750
12.920375
12.808375
12.818275
12.808825
12.809025
12.827975
12.809325
12.809350
12.809375
12.809575
12.921700
12.800000
12.818725
12.809325
12.818550
12.808950
12.818375
12.817850
12.798875
12.808300
12.920000
12.807250
12.806750
12.806650
12.806250
12.805825
12.805750
12.805175
12.814200
12.795500
12.916875
12.804425
12.813650
12.813800
12.804075
12.804125
12.804325
12.804175
12.804025
12.813525
12.916300
12.813550
12.804125
12.804400
12.804600
12.814125
12.814250
12.796050
12.814900
12.815200
12.927800
12.806525
12.806875
12.807125
12.807725
12.817125
12.807925
12.808325
12.808325
12.817750
12.920925
12.818000
12.808725
12.808650
12.808750
12.808475
12.808400
12.808475
12.817550
12.817500
12.918075
12.798875
12.806325
12.799725
