68.787450
68.783050
68.778750
68.811800
68.773275
68.763875
68.760550
68.808475
68.807375
68.818775
68.818650
68.815150
68.817925
68.854900
68.819275
68.828350
68.824175
68.821850
68.813000
68.814175
68.801425
68.798350
68.786350
68.812775
68.771425
68.762675
68.755275
68.759050
68.755100
68.751825
68.769000
68.760750
68.753700
68.800500
68.753075
68.741850
68.748775
68.745575
68.751300
68.738050
68.734825
68.740825
68.728750
68.763750
68.734475
68.734325
68.734700
68.726800
68.738400
68.741150
68.744700
68.757900
68.752575
68.794275
68.761625
68.765600
68.760300
68.782775
68.767400
68.770500
68.773225
68.775600
68.777900
68.817150
68.781450
68.792375
68.784250
68.785475
68.796050
68.787500
68.797850
68.798800
68.790300
68.838000
68.801400
68.801950
68.802225
68.802250
68.802075
68.792250
68.800925
68.800075
68.789650
68.835225
68.796250
68.794575
68.783425
68.781700
68.789000
68.777550
68.784875
68.773325
68.771025
68.824675
68.766050
68.763800
68.770650
68.768000
68.756475
68.754200
68.912775
68.116700
68.996950
68.200875
68.256925
68.303650
68.226825
68.553525
68.263500
68.795925
68.458625
68.227375
68.619775
68.601700
68.611625
68.621975
68.613725
68.624125
68.615650
68.616675
68.505700
68.572150
68.788500
68.846100
68.857425
68.859175
68.861275
68.863025
68.970225
68.959325
68.976975
68.956925
68.955925
68.964800
68.964275
68.963675
68.973250
68.964725
68.964950
68.975300
68.966950
68.967875
68.978825
68.970825
68.962975
68.964725
68.975825
68.977525
68.979450
68.981400
68.983150
68.975175
68.986450
68.988075
68.999925
68.991750
68.992625
68.992925
68.993825
68.994250
68.993975
68.994350
68.994300
68.993775
68.993500
69.002425
68.992225
68.991275
68.999875
68.989525
68.997250
68.985450
68.984100
68.991675
68.981025
68.979850
68.977800
68.976825
68.975575
68.974150
68.973075
68.972225
68.971225
68.979850
68.969950
68.969450
68.968975
68.969125
68.969025
68.969475
68.969975
68.970675
68.980500
68.972275
68.973150
68.973850
68.975250
68.987075
68.978550
68.980050
68.981350
68.982075
68.983550
68.984675
68.994900
68.986725
68.988750
68.989125
68.999400
68.999900
69.009425
68.990975
69.000575
68.991200
68.990850
68.990450
68.999100
68.989050
68.997875
68.987700
68.986400
68.985875
68.994175
68.983400
68.981500
68.989900
68.988575
68.978675
68.968550
68.976700
68.976125
68.975650
68.974875
68.974000
68.973725
68.973000
68.973200
68.982575
68.973075
68.982550
68.973725
68.973825
68.993550
68.985000
68.985550
68.977025
68.977925
68.978875
68.979400
68.989900
68.981600
68.992350
68.984025
68.984775
68.985150
69.004775
68.986675
68.986750
68.996725
68.987775
68.987725
68.988175
68.997500
68.997050
68.997125
68.987600
68.987050
68.986625
68.995600
68.984850
68.984100
68.983525
68.982800
68.991325
68.981275
68.980750
68.979750
68.988675
68.978125
68.986550
68.977075
68.976725
68.975800
68.975900
68.975600
68.975075
68.975200
68.975375
68.975050
68.975550
68.976000
68.985475
68.986000
68.977200
68.986900
68.978100
68.979575
68.979850
68.980600
68.981300
68.981675
68.982175
68.982900
68.983475
68.993150
68.984800
68.985100
68.994675
68.985600
68.985875
68.985700
68.985900
68.985925
68.994850
68.994825
68.994675
68.984475
68.984600
68.993450
68.983200
68.982950
68.982700
68.981875
68.990375
68.980525
68.979650
68.988750
68.979175
68.978525
68.978200
68.978125
68.968600
68.977375
68.977225
68.977000
68.986175
68.976950
68.977025
68.986275
68.977400
68.977675
68.987425
68.987875
68.978900
69.007100
68.979750
68.980275
68.980400
68.981000
68.981500
68.991450
68.982750
68.983275
68.983350
68.983775
68.984200
68.984325
68.984475
68.994150
68.994050
68.984800
68.994300
68.984800
68.984450
68.984525
68.984550
68.983975
68.983850
68.983325
68.982800
68.982675
68.982450
68.990975
68.981375
68.981325
68.980500
68.989650
68.998650
68.979200
68.979375
68.979125
68.978700
68.978825
68.978750
68.978450
68.978500
68.978650
68.978525
68.978575
68.988125
68.978800
68.979050
68.979375
68.988925
68.979600
68.989750
68.980575
68.999650
68.990800
68.991075
68.981675
68.982325
68.982600
68.991850
68.983200
68.983500
68.983225
68.983500
68.983650
68.992775
68.983450
68.983475
68.983225
68.983200
68.992525
68.982650
68.982575
68.992000
68.975950
68.971975
